4240,3801,3640,3928,3729,3529,3848,4377,3321,3861,3393,3968,3032,3912,3176,3540
4244,3804,3645,3925,3728,3528,3845,4381,3321,3872,3397,3968,3041,3916,3173,3541
4357,3908,3780,4093,3880,3680,3965,4572,3416,4036,3569,4124,3220,4021,3220,3657
4384,3917,3800,4125,3900,3708,3984,4596,3437,4060,3588,4145,3233,4044,3225,3681
4385,3917,3816,4125,3905,3705,3988,4600,3433,4069,3597,4157,3240,4049,3232,3689
4412,3929,3836,4169,3921,3724,4009,4625,3441,4093,3632,4184,3261,4077,3240,3709
4421,3941,3841,4172,3932,3733,4009,4633,3445,4124,3637,4184,3269,4077,3245,3712
4440,3956,3861,4208,3952,3752,4016,4649,3449,4141,3660,4208,3301,4116,3257,3733
4444,3960,3857,4205,3961,3761,4032,4661,3461,4148,3665,4216,3301,4117,3260,3741
4428,3949,3853,4216,3960,3757,4024,4653,3453,4141,3657,4205,3305,4113,3252,3736
4428,3949,3849,4212,3957,3753,4024,4653,3460,4125,3656,4205,3301,4089,3241,3728
4441,3953,3860,4216,3957,3749,4012,4649,3441,4149,3677,4212,3305,4093,3233,3736
4453,3964,3880,4248,3968,3773,4033,4676,3461,4164,3693,4224,3320,4125,3252,3753
4449,3961,3880,4240,3968,3772,4029,4676,3464,4157,3689,4228,3324,4125,3248,3749
4445,3968,3880,4253,3981,3773,4037,4549,3364,4032,3593,4221,3329,4125,3244,3753
4461,3964,3900,4256,3981,3785,4029,4677,3453,4192,3721,4240,3341,4149,3248,3764
4481,3980,3908,4281,4004,3797,4049,4693,3449,4216,3736,4248,3353,4157,3265,3796
4493,3981,3916,4296,4021,3809,4065,4720,3476,4245,3753,4273,3369,4177,3265,3788
4501,3996,3929,4316,4029,3817,4073,4728,3484,4261,3769,4284,3380,4181,3272,3800
4505,3996,3937,4308,4032,3832,4089,4753,3492,4265,3785,4292,3385,4184,3269,3804
4512,4001,3941,4325,4037,3841,4120,4757,3513,4265,3784,4297,3401,4193,3276,3812
4500,4021,3933,4329,4061,3860,4120,4757,3505,4269,3785,4301,3420,4180,3296,3825
4493,4020,3928,4337,4064,3864,4124,4764,3509,4272,3784,4304,3429,4177,3280,3824
4513,4013,3940,4345,4060,3852,4093,4760,3489,4288,3804,4300,3432,4188,3260,3820
4521,4029,3948,4365,4077,3877,4140,4792,3520,4309,3820,4313,3448,4200,3288,3840
4501,4013,3944,4356,4068,3861,4093,4777,3500,4305,3817,4305,3417,4188,3249,3824
4540,4028,3965,4393,4085,3884,4137,4805,3517,4329,3848,4336,3464,4201,3265,3841
4553,4041,3985,4405,4124,3904,4157,4832,3532,4345,3876,4341,3473,4220,3277,3865
4552,4029,3992,4397,4116,3893,4156,4825,3512,4353,3876,4341,3477,4220,3265,3852
4552,4052,3985,4413,4125,3909,4173,4836,3528,4361,3873,4348,3481,4221,3276,3857
4500,4020,3948,4372,4073,3877,4125,4797,3504,4325,3832,4305,3449,4173,3245,3825
6689,6004,6124,6796,6316,6092,6292,7156,5496,6684,6160,6521,5709,6376,5033,5909
4545,4045,3984,4429,4125,3916,4169,4837,3537,4365,3885,4337,3497,4213,3253,3865
4541,4025,3968,4420,4112,3901,4156,4821,3517,4356,3869,4325,3480,4201,3240,3845
4536,4036,3972,4416,4113,3909,4156,4820,3517,4357,3880,4332,3480,4196,3237,3857
4472,3992,3921,4356,4041,3861,4117,4764,3480,4300,3824,4277,3437,4141,3209,3808
4480,3989,3917,4364,4053,3857,4116,4772,3476,4313,3833,4277,3441,4141,3205,3808
4528,4072,3984,4441,4144,3940,4193,4849,3565,4373,3884,4345,3509,4212,3264,3888
7885,7221,7460,8109,7625,7449,7532,8191,6749,7996,7541,7757,7156,7637,6200,7149
7545,6881,7057,7744,7256,7072,7216,8057,6408,7617,7124,7401,6736,7265,5857,6800
4596,4209,4080,4548,4244,4060,4329,4953,3709,4460,3969,4441,3629,4293,3361,3968
4705,4221,4165,4628,4300,4089,4353,5017,3689,4569,4068,4509,3669,4369,3372,4020
4704,4217,4152,4636,4296,4109,4353,5032,3705,4553,4060,4501,3673,4356,3361,4017
4736,4228,4180,4657,4312,4125,4365,5048,3708,4588,4092,4529,3692,4380,3364,4032
4709,4212,4161,4633,4304,4088,4329,5016,3672,4572,4076,4501,3673,4361,3349,4016
4744,4220,4188,4657,4320,4120,4352,5041,3684,4612,4125,4521,3684,4385,3364,4029
4752,4224,4196,4660,4324,4125,4360,5049,3693,4617,4125,4533,3688,4389,3349,4033
4749,4228,4196,4668,4325,4141,4380,5068,3713,4612,4117,4540,3697,4392,3376,4045
4741,4244,4200,4673,4344,4152,4393,5068,3721,4601,4109,4532,3708,4385,3397,4052
7700,6980,7224,7921,7424,7240,7368,8191,6501,7784,7304,7508,6888,7381,5952,6913
6104,5149,5017,5460,5169,4948,5073,6220,4801,5413,4869,5345,4452,5405,4169,5008
6088,5140,5004,5445,5161,4944,5073,6201,4788,5401,4865,5340,4445,5397,4164,4996
6069,5116,5000,5448,5160,4933,5061,6197,4781,5396,4857,5336,4437,5392,4161,4992
6041,5096,4981,5428,5116,4913,5040,6173,4760,5376,4841,5317,4408,5372,4125,4969
6005,5064,4953,5396,5093,4884,5012,6128,4716,5348,4816,5288,4397,5341,4092,4936
5980,5044,4932,5373,5076,4868,4996,6117,4697,5341,4805,5276,4365,5320,4069,4925
5956,5028,4913,5364,5061,4848,4981,6093,4677,5332,4789,5260,4364,5305,4064,4904
5924,5005,4896,5341,5044,4825,4960,6073,4645,5309,4768,5241,4344,5280,4037,4884
5881,4977,4861,5300,5012,4792,4928,6037,4616,5280,4737,5216,4312,5252,4012,4852
5925,5021,4916,5357,5052,4852,4984,6093,4661,5333,4797,5257,4357,5300,4048,4896
5805,4929,4816,5253,4968,4741,4888,5993,4561,5236,4704,5176,4264,5209,3968,4804
5753,4901,4793,5248,4948,4729,4864,5961,4529,5209,4673,5152,4248,5180,3960,4773
5677,4888,4760,5228,4925,4717,4856,5941,4509,5173,4648,5116,4240,5152,3933,4737
5677,4869,4757,5217,4917,4708,4836,5921,4488,5173,4637,5104,4232,5152,3921,4733
5637,4848,4732,5189,4901,4680,4804,5905,4460,5157,4632,5084,4212,5104,3897,4704
5584,4813,4704,5160,4865,4644,4777,5861,4421,5109,4601,5053,4184,5073,3877,4669
5560,4792,4688,5152,4849,4629,4756,5845,4404,5108,4593,5041,4169,5053,3868,4657
5509,4769,4660,5116,4840,4608,4741,5817,4365,5080,4564,5012,4156,5025,3844,4624
5452,4737,4640,5076,4800,4576,4712,5780,4328,5057,4541,4989,4121,4993,3821,4589
5420,4721,4621,5064,4785,4569,4708,5765,4313,5036,4524,4976,4113,4980,3809,4565
5484,4781,4689,5164,4860,4633,4768,5840,4376,5112,4605,5049,4184,5044,3860,4633
5388,4713,4629,5081,4796,4565,4700,5764,4301,5057,4537,4988,4125,4984,3813,4556
5369,4705,4629,5084,4792,4564,4692,5753,4280,5056,4537,4973,4117,4972,3809,4537
5332,4673,4597,5041,4764,4536,4676,5728,4257,5013,4505,4949,4077,4941,3788,4504
5201,4577,4493,4929,4657,4429,4569,5589,4161,4901,4389,4845,3977,4828,3700,4400
5189,4564,4488,4917,4640,4424,4564,5577,4152,4888,4384,4832,3976,4821,3689,4392
5153,4533,4457,4889,4617,4388,4528,5548,4109,4857,4352,4801,3948,4788,3664,4353
5076,4473,4397,4805,4469,4180,4469,5484,4045,4792,4293,4740,3893,4728,3608,4288
5028,4444,4381,4809,4533,4305,4429,5436,3992,4777,4268,4708,3861,4701,3608,4261
4985,4416,4345,4772,4501,4277,4393,5396,3961,4744,4245,4685,3853,4668,3572,4232
5013,4432,4377,4808,4525,4297,4416,5425,3969,4788,4277,4720,3868,4696,3584,4249
5036,4449,4400,4825,4549,4316,4440,5449,3985,4816,4312,4736,3896,4716,3597,4269
5033,4448,4409,4840,4553,4312,4436,5452,3984,4817,4309,4736,3900,4725,3605,4272
5037,4457,4408,4852,4569,4328,4444,5445,3988,4816,4305,4745,3917,4725,3617,4276
5024,4452,4397,4844,4557,4309,4436,5440,3977,4817,4305,4744,3908,4713,3612,4268
4992,4420,4380,4813,4536,4289,4424,5412,3952,4804,4300,4717,3889,4685,3581,4233
4980,4405,4361,4793,4525,4284,4400,5388,3925,4789,4284,4709,3876,4668,3565,4221
4960,4392,4352,4780,4504,4257,4380,5365,3913,4773,4265,4688,3864,4657,3556,4209
4932,4376,4333,4760,4480,4245,4369,5345,3897,4756,4249,4672,3837,4636,3537,4189
4936,4369,4341,4761,4492,4244,4373,5341,3892,4757,4256,4669,3837,4633,3536,4185
4929,4368,4341,4792,4485,4244,4360,5325,3884,4752,4248,4668,3849,4637,3553,4188
4905,4345,4320,4756,4473,4225,4345,5308,3856,4737,4233,4652,3829,4621,3525,4169
4889,4332,4301,4725,4452,4212,4348,5289,3861,4713,4217,4637,3805,4596,3501,4141
4876,4320,4305,4729,4437,4193,4313,5264,3816,4705,4208,4624,3805,4592,3517,4140
4857,4300,4284,4713,4429,4177,4309,5252,3800,4689,4197,4613,3796,4569,3505,4125
4841,4293,4280,4693,4413,4172,4297,5240,3793,4684,4188,4597,3789,4564,3493,4109
4836,4288,4261,4688,4401,4157,4285,5229,3780,4681,4184,4580,3776,4548,3477,4085
4821,4280,4261,4700,4401,4153,4284,5225,3776,4669,4176,4584,3769,4544,3473,4088
4816,4277,4244,4684,4401,4160,4296,5212,3777,4660,4160,4576,3772,4525,3480,4080
4777,4256,4225,4656,4380,4125,4256,5189,3741,4637,4125,4549,3748,4500,3428,4045
4772,4241,4220,4652,4372,4121,4249,5184,3736,4641,4141,4549,3744,4501,3428,4037
4753,4232,4205,4640,4352,4113,4244,5168,3724,4628,4125,4536,3736,4485,3420,4029
4753,4225,4205,4629,4344,4081,4236,5153,3713,4616,4124,4524,3720,4476,3420,4021
4716,4200,4181,4600,4325,4061,4224,5108,3673,4604,4093,4500,3697,4448,3388,3996
4709,4196,4172,4600,4324,4061,4221,5104,3676,4601,4088,4496,3704,4449,3388,3993
4681,4168,4148,4557,4292,4033,4196,5076,3645,4588,4072,4476,3673,4416,3357,3965
4684,4156,4152,4573,4289,4024,4184,5056,3624,4577,4069,4469,3669,4420,3360,3965
4685,4149,4153,4561,4281,4028,4188,5057,3620,4576,4081,4468,3664,4416,3352,3961
4629,4125,4116,4548,4268,4012,4172,5024,3596,4549,4048,4445,3648,4373,3329,3932
4624,4124,4117,4545,4264,4005,4169,5021,3593,4541,4044,4441,3648,4373,3328,3929
4616,4120,4092,4537,4261,4004,4168,5024,3589,4545,4044,4444,3644,4376,3317,3921
4620,4112,4117,4540,4253,4005,4165,5017,3589,4552,4049,4441,3636,4380,3309,3924
4620,4116,4113,4540,4252,3997,4164,5017,3589,4545,4048,4444,3637,4380,3317,3933
4617,4116,4116,4540,4257,4000,4168,5020,3593,4541,4045,4444,3641,4376,3309,3925
4625,4093,4121,4541,4261,4008,4156,5016,3584,4545,4045,4441,3652,4380,3317,3929
4612,4112,4124,4545,4261,3997,4153,5013,3569,4544,4049,4440,3644,4380,3317,3920
4616,4109,4125,4549,4260,3993,4160,5005,3572,4548,4053,4444,3648,4377,3325,3925
4609,4093,4121,4553,4257,4004,4169,5013,3569,4541,4045,4440,3649,4373,3324,3929
4597,4077,4093,4533,4245,3988,4144,4992,3557,4533,4040,4428,3637,4361,3305,3913
4589,4073,4093,4545,4249,3988,4141,4993,3549,4536,4044,4428,3637,4365,3297,3909
4585,4072,4092,4525,4241,3981,4137,4992,3544,4541,4040,4421,3628,4353,3289,3901
4580,4065,4084,4536,4240,3977,4140,4993,3548,4536,4044,4421,3633,4349,3281,3904
4577,4064,4084,4528,4229,3980,4140,4989,3541,4532,4052,4420,3632,4348,3281,3908
4580,4073,4085,4537,4244,3992,4148,4992,3552,4533,4048,4424,3641,4352,3292,3905
4529,4064,4053,4501,4217,3969,4145,4961,3557,4488,3997,4401,3620,4325,3276,3880
4540,4061,4053,4512,4224,3969,4148,4972,3564,4481,3997,4408,3621,4328,3268,3884
4537,4064,4045,4513,4224,3969,4149,4972,3572,4485,4000,4405,3629,4328,3265,3885
4533,4061,4049,4505,4217,3968,4140,4965,3557,4481,3997,4396,3620,4321,3260,3876
4536,4060,4057,4509,4228,3972,4125,4969,3549,4492,4005,4401,3621,4328,3256,3881
4532,4057,4048,4509,4224,3969,4125,4961,3541,4504,4012,4401,3621,4317,3253,3881
4516,4053,4044,4501,4216,3968,4125,4961,3548,4477,3988,4392,3617,4316,3256,3876
4516,4020,4040,4505,4208,3944,4093,4937,3496,4505,4016,4380,3608,4312,3229,3853
4504,4017,4044,4504,4201,3944,4080,4929,3488,4509,4016,4377,3597,4312,3232,3856
4488,3901,4021,4485,4125,3836,3968,4824,3397,4369,3909,4257,3557,4257,3197,3808
4512,4036,4048,4508,4217,3956,4120,4852,3512,4496,4012,4388,3576,4309,3240,3865
4257,3828,3649,3932,3728,3533,3860,4393,3349,3864,3397,3973,3044,3925,3196,3561
4968,4524,4492,4804,4544,4317,4496,5252,3996,4692,4337,4856,3937,4768,3649,4265
5112,4560,4580,4912,4601,4373,4549,5341,4028,4785,4413,4932,3981,4853,3680,4357
5209,4597,4640,4981,4657,4421,4596,5425,4064,4861,4480,4989,4032,4892,3712,4424
5276,4632,4693,5061,4716,4485,4653,5505,4116,4932,4553,5052,4084,4961,3733,4481
5321,4680,4736,5116,4764,4525,4700,5565,4149,4973,4596,5093,4149,5020,3768,4532
5412,4733,4828,5237,4848,4593,4757,5661,4213,5065,4692,5204,4236,5105,3824,4613
5425,4749,4836,5248,4856,4608,4772,5668,4217,5081,4705,5220,4249,5144,3825,4625
5456,4769,4864,5272,4884,4628,4780,5700,4236,5109,4736,5245,4276,5169,3845,4669
6309,5309,5197,5580,5296,5085,5229,6361,4941,5552,4997,5484,4584,5580,4324,5173
6301,5293,5184,5568,5273,5065,5216,6349,4929,5532,4992,5469,4505,5505,4261,5077
6289,5272,5169,5564,5276,5060,5208,6333,4917,5517,4981,5457,4549,5544,4296,5152
6264,5261,5148,5561,5257,5045,5192,6324,4897,5504,4957,5445,4544,5524,4281,5116
6252,5249,5145,5549,5248,5041,5176,6308,4897,5497,4953,5441,4541,5524,4277,5109
6213,5225,5093,5521,5229,5012,5156,6289,4872,5480,4933,5412,4509,5485,4244,5081
6212,5224,5092,5525,5229,5009,5149,6284,4864,5472,4929,5408,4512,5481,4241,5073
6169,5192,5060,5501,5205,4988,5133,6257,4845,5449,4912,5384,4493,5456,4220,5052
6168,5193,5053,5497,5200,4988,5112,6257,4841,5448,4901,5385,4493,5456,4220,5045
6172,5196,5073,5512,5213,4997,5136,6272,4848,5453,4909,5389,4504,5461,4221,5056
