3700,6045,4272,4060,6168,3300,6112,4644,7165,8191,5853,3221,2881,4717,5885,3272
3701,6040,4284,4069,6141,3297,6084,4604,7193,8191,5821,3193,2877,4736,5897,3277
3704,6044,4304,3976,6036,3296,5736,4037,6844,8191,4901,3064,2689,5001,5764,3444
3712,6048,4297,3965,6033,3288,5732,4028,6841,8191,4889,3060,2704,5013,5768,3444
3717,6040,4280,3961,6028,3284,5717,4020,6832,8191,4868,3057,2704,5001,5768,3445
3732,5992,4257,3937,5997,3248,5456,3785,6793,8191,4880,3120,2933,5112,5924,3473
3704,5992,4233,3944,5992,3249,5440,3777,6793,8191,4876,3121,2948,5108,5925,3472
3704,5989,4237,3948,5988,3256,5433,3765,6792,8191,4884,3120,2945,5112,5941,3473
3748,5920,4257,3917,5944,3225,5256,3552,6729,8191,4924,3221,3373,5237,6268,3437
3757,5925,4221,3929,5944,3229,5253,3553,6736,8191,4932,3236,3420,5276,6273,3440
3753,5925,4245,3925,5952,3236,5253,3553,6740,8191,4941,3240,3428,5277,6284,3452
3668,5864,4244,3865,5981,3104,5181,3632,6597,8191,5381,3552,3800,5288,6437,3553
3653,5864,4221,3849,5981,3157,5181,3628,6593,8191,5389,3565,3812,5308,6412,3560
3652,5861,4236,3852,5993,3152,5208,3637,6597,8191,5393,3576,3817,5312,6413,3564
3605,5816,4260,3872,6004,3113,5253,3740,6536,8191,5548,3781,3968,5309,6512,3684
3629,5824,4264,3881,6016,3069,5276,3749,6545,8191,5561,3800,3988,5317,6520,3684
3632,5812,4277,3837,6016,3121,5276,3749,6533,8191,5553,3805,3992,5312,6524,3685
3589,5829,4257,3864,6016,3104,5348,3785,6321,8191,5516,4149,4169,5105,6580,3705
3565,5820,4252,3861,6013,3068,5344,3788,6305,8191,5504,4148,4176,5092,6572,3705
3585,5825,4260,3857,6017,3088,5344,3785,6300,8191,5501,4160,4189,5085,6572,3701
3585,5828,4260,3861,6012,3065,5344,3785,6285,8191,5508,4164,4185,5077,6573,3697
3565,5872,4237,3868,5960,3093,5372,3792,5976,8132,5609,4336,4221,4964,6493,3700
3617,5896,4276,3872,5968,3104,5389,3800,5904,8125,5649,4388,4225,4952,6516,3732
3624,5904,4272,3872,5988,3104,5400,3812,5904,8128,5668,4397,4236,4953,6505,3732
3593,5764,4248,3856,5904,3009,5265,3732,5776,8012,5573,4321,4189,4912,6460,3689
3649,5789,4257,3824,5860,3017,5285,3752,5233,7941,5841,4573,4233,4701,6380,3697
3668,5793,4244,3817,5861,3016,5281,3753,5213,7937,5852,4576,4224,4697,6380,3696
3660,5785,4261,3832,5856,3012,5285,3753,5181,7936,5852,4576,4229,4688,6380,3696
3681,5785,4265,3808,5844,3009,5269,3757,5117,7925,5892,4589,4229,4685,6365,3693
3657,5784,4221,3820,5801,3020,5264,3716,4756,7829,6028,4605,4200,4564,6320,3656
3645,5780,4196,3824,5797,3020,5269,3708,4748,7828,6025,4609,4201,4564,6313,3652
3644,5804,4189,3837,5760,3005,5284,3657,4532,7752,5996,4637,4125,4456,6257,3632
3649,5829,4193,3845,5765,3013,5288,3660,4528,7756,6009,4645,4125,4460,6261,3637
3632,5712,4176,3800,5705,2945,5181,3588,4445,7641,5917,4564,4072,4416,6213,3641
3652,5856,4268,3813,5749,2972,5273,3544,4385,7644,5912,4608,3988,4125,6200,3601
3633,5860,4244,3797,5753,2961,5269,3517,4393,7625,5877,4589,3968,4045,6196,3608
3637,5861,4236,3781,5749,2960,5288,3528,4400,7628,5880,4588,3968,4033,6193,3609
3633,5861,4213,3797,5760,2957,5273,3517,4404,7621,5873,4585,3968,4029,6197,3600
3637,5932,4125,3813,5777,2929,5220,3421,4685,7557,5768,4453,3648,3636,6140,3576
3637,5924,4092,3792,5764,2933,5225,3429,4700,7565,5757,4460,3637,3644,6136,3569
3624,5944,4120,3824,5788,2912,5224,3421,4753,7560,5752,4441,3605,3612,6168,3576
3617,5937,4073,3801,5776,2912,5224,3416,4760,7556,5753,4441,3600,3601,6173,3577
3628,5952,4057,3793,5768,2912,5168,3381,5025,7525,5709,4297,3300,3456,6209,3557
3624,5949,4048,3773,5761,2904,5172,3380,5025,7525,5708,4284,3285,3452,6201,3548
3628,5948,4044,3780,5780,2924,5153,3380,5033,7521,5705,4285,3285,3449,6204,3556
3593,5912,4056,3777,5725,2909,5077,3332,5221,7484,5640,4064,3009,3453,6252,3485
3580,5916,4049,3780,5740,2905,5084,3333,5237,7485,5640,4053,3009,3460,6268,3496
3564,5893,4072,3769,5764,2897,5037,3273,5320,7468,5617,3796,2821,3441,6273,3425
3589,5889,4056,3784,5769,2897,5040,3265,5321,7468,5620,3784,2816,3440,6248,3436
3564,5913,4088,3789,5824,2909,5025,3256,5353,7445,5632,3516,2749,3441,6224,3425
3585,5916,4081,3801,5813,2909,5016,3252,5349,7449,5629,3504,2740,3436,6221,3424
3541,5901,4072,3797,5812,2897,5000,3240,5341,7441,5625,3496,2728,3429,6209,3421
3549,5880,4065,3773,5808,2912,4980,3257,5288,7436,5629,3308,2673,3425,6137,3420
3548,5884,4029,3776,5800,2904,4988,3261,5284,7433,5628,3297,2673,3428,6164,3421
3541,5888,4072,3756,5800,2912,4984,3261,5277,7433,5629,3289,2677,3428,6132,3425
3536,5877,4032,3729,5788,2916,4924,3296,4892,7420,5624,3065,2644,3512,6081,3468
3533,5881,4028,3729,5804,2924,4929,3297,4877,7420,5629,3069,2637,3509,6077,3468
3524,5880,4033,3721,5796,2924,4928,3297,4861,7428,5628,3092,2640,3509,6073,3465
3521,5828,4009,3725,5772,2909,4917,3332,4181,7384,5637,3017,2616,3616,6032,3444
3484,5820,4008,3721,5752,2892,4917,3336,4081,7380,5640,3009,2601,3660,6061,3473
3500,5817,3977,3717,5741,2889,4916,3336,4053,7368,5633,3005,2592,3669,6061,3472
3476,5824,3976,3681,5740,2872,4921,3385,3745,7345,5676,2961,2628,3784,6072,3489
3485,5817,3977,3700,5748,2873,4924,3393,3741,7353,5680,2953,2632,3784,6068,3497
3456,5704,3952,3661,5685,2809,4833,3340,3672,7344,5680,2964,2637,3793,6068,3496
3341,5776,3940,3644,5717,2844,4808,3325,3424,7208,5705,3569,3337,4001,6089,3493
3356,5772,3932,3649,5716,2841,4805,3321,3421,7208,5713,3573,3333,3996,6088,3489
3356,5721,3969,3625,5640,2845,4769,3308,3432,7152,5705,3749,3304,3901,6021,3549
3353,5725,3948,3605,5640,2852,4768,3309,3425,7148,5716,3756,3304,3877,6024,3552
3365,5720,3972,3613,5637,2848,4772,3317,3424,7136,5704,3760,3304,3901,6016,3548
3328,5709,3912,3640,5628,2856,4780,3333,3417,7117,5689,3824,3325,3893,6064,3564
3353,5716,3944,3629,5621,2852,4773,3332,3416,7108,5689,3828,3329,3904,6065,3565
3308,5745,3925,3641,5601,2829,4761,3316,3405,7076,5716,3825,3321,3932,6073,3536
3328,5736,3901,3641,5593,2825,4761,3316,3404,7065,5696,3808,3316,3921,6056,3529
3332,5744,3897,3656,5608,2829,4757,3324,3412,7076,5712,3817,3321,3929,6076,3533
3329,5712,3864,3637,5605,2816,4757,3328,3416,7017,5676,3816,3289,3961,6040,3576
3321,5713,3865,3644,5597,2817,4761,3317,3416,7012,5673,3821,3281,3992,6049,3573
3352,5708,3900,3645,5653,2801,4769,3344,3401,6948,5657,3868,3257,4056,6016,3649
3357,5709,3912,3656,5653,2804,4769,3361,3409,6956,5665,3873,3265,4045,6016,3660
3348,5704,3905,3660,5653,2800,4768,3345,3408,6941,5660,3869,3265,4072,6016,3653
3388,5653,3948,3629,5680,2785,4760,3372,3396,6705,5636,3828,3264,4036,5984,3584
3385,5652,3960,3612,5672,2781,4753,3368,3389,6680,5628,3812,3248,4028,5968,3572
3380,5653,3953,3620,5668,2781,4745,3368,3389,6672,5625,3809,3236,4024,5973,3564
3389,5668,3984,3612,5677,2777,4732,3365,3388,6468,5577,3748,3237,3965,5944,3537
3373,5665,3956,3613,5684,2776,4732,3361,3392,6464,5568,3737,3229,3968,5933,3540
3392,5669,3985,3624,5685,2776,4737,3369,3396,6453,5569,3740,3229,3976,5948,3540
3408,5641,3992,3580,5689,2752,4737,3332,3393,6104,5481,3645,3104,3816,5949,3457
3405,5640,3988,3577,5684,2749,4729,3332,3392,6089,5484,3640,3089,3801,5948,3456
3444,5632,3968,3540,5676,2733,4749,3304,3385,5729,5529,3492,2944,3704,6012,3429
3449,5637,3952,3533,5676,2729,4756,3305,3385,5728,5524,3485,2941,3697,6017,3428
3448,5640,3964,3552,5676,2737,4768,3309,3396,5724,5536,3485,2944,3708,6017,3441
3484,5613,3981,3556,5693,2737,4773,3293,3401,5408,5533,3292,2833,3609,6032,3465
3484,5621,3985,3560,5693,2744,4777,3288,3392,5396,5529,3281,2832,3601,6016,3468
3664,5748,4033,4040,5988,2881,5077,3449,3641,4420,5561,3284,3013,3820,6237,3457
3668,5736,4021,4013,5989,2885,5072,3441,3637,4420,5553,3284,3012,3820,6241,3456
3660,5748,4033,4025,5988,2877,5072,3448,3640,4424,5565,3281,3009,3813,6244,3453
3665,5740,4005,4032,5997,2888,5073,3448,3641,4420,5561,3289,3012,3829,6256,3449
3668,5736,4032,4052,5993,2884,5076,3449,3645,4421,5560,3288,3017,3820,6241,3460
3661,5668,4048,4040,6009,2893,5072,3464,3661,4417,5552,3308,3012,3840,6225,3481
3641,5668,4072,4068,6013,2900,5081,3473,3672,4428,5557,3304,3040,3844,6220,3488
3665,5648,4137,4092,6040,2913,5097,3496,3692,4449,5592,3333,3057,3852,6244,3517
3681,5656,4092,4089,6037,2912,5096,3500,3688,4453,5596,3336,3068,3845,6248,3524
3672,5640,4125,4088,6033,2913,5096,3496,3689,4448,5593,3329,3057,3857,6241,3517
3689,5657,4184,4093,6084,2889,5096,3509,3669,4489,5657,3384,3052,3909,6264,3553
3668,5657,4209,4065,6092,2885,5089,3512,3680,4489,5661,3385,3052,3908,6260,3548
3688,5661,4177,4092,6097,2885,5092,3509,3673,4496,5668,3385,3052,3908,6261,3553
3704,5736,4232,4088,6108,2912,5104,3516,3637,4533,5736,3397,3109,3972,6257,3588
3704,5744,4237,4088,6124,2913,5109,3520,3636,4537,5748,3404,3124,3977,6265,3593
3693,5745,4225,4073,6120,2912,5112,3520,3632,4533,5748,3397,3125,3968,6253,3584
3737,5796,4261,4125,6173,2944,5169,3540,3645,4564,5801,3381,3117,3944,6261,3588
3717,5800,4268,4125,6173,2945,5157,3545,3644,4557,5793,3376,3120,3944,6264,3588
3736,5800,4292,4080,6173,2952,5156,3552,3645,4580,5817,3368,3113,3936,6261,3589
3756,5860,4316,4165,6228,2973,5181,3564,3629,4589,5825,3340,3104,3916,6265,3588