14.69,
14.67,
14.69,
14.67,
14.67,
14.71,
14.75,
14.77,
14.69,
14.75,
14.75,
14.71,
14.75,
14.75,
14.75,
14.79,
14.77,
14.81,
14.83,
14.95,
14.95,
14.99,
15.01,
15.05,
15.05,
15.07,
15.13,
15.11,
15.11,
15.09,
15.11,
15.09,
15.13,
15.11,
15.09,
15.13,
15.13,
15.11,
15.09,
15.11,
15.13,
15.09,
15.15,
15.23,
15.13,
15.13,
15.15,
15.25,
15.15,
15.19,
15.23,
15.23,
15.29,
15.25,
15.27,
15.23,
15.27,
15.29,
15.29,
15.29,
15.35,
15.37,
15.37,
15.37,
15.37,
15.37,
15.37,
15.37,
15.37,
15.37,
15.37,
15.37,
15.37,
15.37,
15.37,
15.37,
15.37,
15.37,
15.37,
15.37,
15.37,
15.37,
15.37,
15.37,
15.37,
15.37,
15.37,
15.37,
15.37,
15.37,
15.37,
15.37,
15.37,
15.37,
15.37,
15.37,
15.37,
15.37,
15.37,
15.37,
15.37,
15.37,
15.37,
15.37,
15.37,
15.37,
15.37,
15.37,
15.37,
15.37,
15.37,
15.37,
15.37,
15.37,
15.37,
15.37,
15.37,
15.37,
15.37,
15.37,
15.37,
15.37,
15.37,
15.37,
15.37,
15.37,
15.37,
15.37,
15.37,
15.37,
15.37,
15.37,
15.37,
15.37,
15.37,
15.37,
15.37,
15.37,
15.37,
15.37,
15.37,
15.37,
15.37,
15.37,
15.37,
15.37,
15.37,
15.37,
15.37,
15.37,
15.37,
15.37,
15.37,
15.37,
15.37,
15.37,
15.37,
15.37,
15.37,
15.37,
15.37,
15.37,
15.37,
15.37,
15.37,
15.37,
15.37,
15.37,
15.37,
15.37,
15.37,
15.37,
15.37,
15.37,
15.37,
15.37,
15.37,
15.37,
15.37,
15.37,
15.37,
15.37,
15.37,
15.37,
15.37,
15.37,
15.37,
15.37,
15.37,
15.37,
15.37,
15.37,
15.37,
15.37,
15.37,
15.37,
15.37,
15.37,
15.37,
15.37,
15.37,
15.37,
15.37,
15.37,
15.37,
15.37,
15.37,
15.37,
15.37,
15.37,
15.37,
15.37,
15.37,
15.37,
16.75,
16.81,
16.81,
16.85,
16.83,
16.85,
16.77,
16.75,
16.75,
16.71,
16.71,
16.67,
16.85,
16.89,
16.87,
16.91,
16.97,
16.99,
16.95,
16.99,
16.99,
17.07,
17.07,
17.09,
17.11,
17.11,
17.11,
17.07,
17.09,
17.09,
17.11,
17.11,
17.11,
17.09,
17.11,
17.13,
17.07,
17.07,
16.99,
17.09,
17.05,
17.15,
17.11,
17.05,
17.01,
17.05,
17.07,
17.09,
17.07,
17.07,
17.01,
16.99,
16.91,
16.93,
16.95,
16.93,
16.91,
16.93,
16.93,
16.91,
16.91,
16.95,
16.99,
16.95,
16.95,
17.01,
17.01,
16.97,
16.97,
16.93,
16.93,
16.91,
16.91,
16.91,
16.95,
16.95,
16.97,
16.93,
16.91,
16.91,
16.89,
16.87,
16.89,
16.89,
16.91,
16.91,
16.89,
16.91,
16.87,
16.89,
16.91,
16.93,
16.91,
16.89,
16.89,
16.87,
16.87,
16.89,
16.87,
16.83,
16.85,
16.85,
16.85,
16.85,
16.83,
16.83,
16.81,
16.83,
16.83,
16.81,
16.77,
16.83,
16.83,
16.81,
16.83,
16.81,
16.77,
16.77,
16.71,
16.73,
16.73,
16.73,
16.71,
16.71,
16.71,
16.65,
16.69,
16.67,
16.65,
16.65,
16.65,
16.67,
16.65,
16.65,
16.65,
16.63,
16.67,
16.51,
16.45,
16.39,
16.27,
16.41,
16.41,
16.31,
16.39,
16.33,
16.31,
16.33,
16.31,
16.37,
16.19,
16.23,
16.21,
16.21,
16.21,
16.21,
16.21,
16.21,
16.21,
16.21,
16.21,
16.21,
